2.62223294e+02
2.64491016e+02
3.35778363e+02
1.97062125e+02
1.68915334e+02
2.72658551e+02
3.79425445e+02
9.39422800e+01
4.23462270e+02
0.00000000e+00
5.10326112e+02
2.05729504e+02
2.43529219e+02
2.73149613e+02
1.73955657e+02
9.89584412e+01
2.37684542e+02
3.06381426e+02
2.02995949e+02
3.47461319e+02
1.26999811e+02
3.30358493e+02
3.60373780e+02
2.81429372e+02
3.91560718e+02
1.75213080e+02
1.44158382e+02
2.95647280e+02
4.21677609e+02
2.65165698e+02
2.68606143e+02
3.36079652e+02
2.78241288e+02
3.76571915e+02
1.92637911e+02
4.10071433e+02
4.47490868e+02
4.72475672e+02
2.40306928e+02
5.02267253e+02
2.77685751e+02
2.92372975e+02
4.03439367e+02
5.56703168e+02
6.06084089e+02
