2.78926121e+02
2.78193642e+02
3.00817417e+02
1.94743336e+02
1.96469177e+02
2.44944657e+02
3.26683024e+02
9.94618778e+01
3.57638692e+02
0.00000000e+00
4.13318365e+02
1.99044330e+02
2.70639017e+02
2.85836339e+02
1.87177913e+02
9.60888785e+01
2.28455975e+02
3.18214079e+02
2.01174520e+02
3.66435011e+02
1.36497092e+02
3.39398933e+02
3.48312391e+02
2.97812999e+02
3.67870996e+02
1.85727473e+02
1.51485677e+02
2.48377692e+02
3.92736976e+02
2.80429039e+02
2.78723902e+02
3.04436130e+02
2.93414738e+02
3.31416235e+02
1.96851158e+02
3.65913337e+02
4.20431292e+02
4.48298517e+02
2.48408073e+02
4.79286759e+02
2.86366914e+02
2.88016312e+02
3.61165924e+02
5.21583225e+02
5.90605137e+02
