2.54077189e+02
2.55309775e+02
3.00303772e+02
1.98548487e+02
1.64466771e+02
2.49514219e+02
3.27474387e+02
9.43631637e+01
3.51243391e+02
0.00000000e+00
3.82042471e+02
2.79101289e+02
2.83672039e+02
3.54098505e+02
4.18169991e+02
2.42970168e+02
4.47218114e+02
2.08384723e+02
2.47267918e+02
2.75737095e+02
1.75200624e+02
1.01256022e+02
2.39711062e+02
3.08112653e+02
2.04769812e+02
3.47864631e+02
4.79035449e+02
2.74413132e+02
2.77707087e+02
3.61158473e+02
2.86020001e+02
4.18513864e+02
1.95789812e+02
4.69022105e+02
5.27904788e+02
1.29824829e+02
3.33153733e+02
3.95955849e+02
2.93065175e+02
4.73991400e+02
5.65344005e+02
1.84964805e+02
1.46954702e+02
3.62427761e+02
5.95523148e+02
