2.55670179e+02
2.55957303e+02
2.67791928e+02
1.90709551e+02
1.89078323e+02
2.30763336e+02
2.81524514e+02
9.87232946e+01
2.98032954e+02
0.00000000e+00
3.18677946e+02
2.84935278e+02
2.84320347e+02
3.11641770e+02
3.46556083e+02
2.48363999e+02
3.70988553e+02
1.97038398e+02
2.60495398e+02
2.74983980e+02
1.89341788e+02
9.16045655e+01
2.27345492e+02
3.01855652e+02
1.98540542e+02
3.41044964e+02
4.08891288e+02
2.83561771e+02
2.87676187e+02
3.15325286e+02
2.97041386e+02
3.47222024e+02
1.99595295e+02
3.89587575e+02
4.52243885e+02
1.35342468e+02
3.38487428e+02
3.63163940e+02
3.01486519e+02
4.11419930e+02
5.01064817e+02
1.82912360e+02
1.52110036e+02
2.58269766e+02
5.68238242e+02
