1.28897455e+02
3.32372619e+02
3.82855910e+02
2.89941604e+02
4.47027872e+02
1.80157370e+02
1.46028894e+02
3.29080033e+02
5.22368171e+02
2.51660857e+02
2.54554172e+02
2.95695778e+02
1.98190189e+02
1.64737745e+02
2.44507277e+02
3.22445434e+02
9.39383197e+01
3.46279293e+02
0.00000000e+00
3.81666219e+02
2.78609538e+02
2.84405303e+02
3.55327489e+02
4.18991742e+02
2.42153713e+02
4.50470655e+02
2.07597022e+02
2.45963927e+02
2.75406151e+02
1.74683996e+02
1.00994813e+02
2.38993275e+02
3.09189225e+02
2.04262947e+02
3.49862362e+02
4.86755111e+02
2.77517900e+02
2.79487887e+02
3.65496917e+02
2.85952015e+02
4.27685754e+02
1.96539214e+02
4.80817932e+02
5.45696367e+02
5.82490575e+02
