1.33079202e+02
3.36551625e+02
3.50265489e+02
2.96263440e+02
3.85995023e+02
1.92550134e+02
1.50252570e+02
2.44991510e+02
4.52794998e+02
2.57929576e+02
2.59285507e+02
2.69605020e+02
1.94019551e+02
1.93838013e+02
2.28795411e+02
2.82684017e+02
9.81762406e+01
2.96471109e+02
0.00000000e+00
3.19165680e+02
2.83283918e+02
2.82217226e+02
3.08409059e+02
3.46019649e+02
2.46227026e+02
3.69346429e+02
1.99488653e+02
2.58837488e+02
2.70123885e+02
1.85887035e+02
9.82430138e+01
2.19239077e+02
3.01269949e+02
1.94657802e+02
3.47556905e+02
4.11979034e+02
2.81486226e+02
2.84684970e+02
3.07926280e+02
2.97167877e+02
3.37142611e+02
1.97275850e+02
3.90460062e+02
4.77125379e+02
5.72627564e+02
